10
0 0 -9.776962362155475
0 1 1.381757968772824
0 2 -1.5162377954212705
0 3 -4.139851842286712
0 4 -6.976086105224024
0 5 14.728754415931167
0 6 1.9254910836016137
0 7 6.8977596587491306
0 8 4.82873780880802
0 9 1.2012602571775979
1 0 1.1816138420557412
1 1 14.61683647870322
1 2 -3.7940189855599984
1 3 12.261559591402914
1 4 1.5393679220778669
1 5 2.020409608713944
1 6 -0.7885256389206976
1 7 2.978393685645658
1 8 -2.0397853097094014
1 9 -2.0666623093295664
2 0 7.505110915372672
2 1 3.97971295814353
2 2 2.601484235724694
2 3 8.12049923380063
2 4 4.775393216615914
2 5 8.807578388104936
2 6 -5.931820844612667
2 7 7.283288013802242
2 8 8.835257603873153
2 9 0.2263916038384135
3 0 2.2842533002435967
3 1 6.952872913551641
3 2 5.59342842033792
3 3 -5.178233643064017
3 4 12.916620393503294
3 5 6.4129390857712
3 6 6.602628903697671
3 7 -5.08027175531916
3 8 5.485348025403958
3 9 -7.694853451667951
4 0 -3.9607060949331805
4 1 0.454575315649258
4 2 4.649937265288807
4 3 2.4972853015106153
4 4 12.778994478604535
4 5 0.9186074888209141
4 6 -0.32572410489148673
4 7 11.127127545271122
4 8 -9.302383661670307
4 9 13.938066219136513
5 0 -2.25818688420743
5 1 -0.5257734629650042
5 2 5.450395934982916
5 3 12.337008611649587
5 4 -2.3823181349412135
5 5 1.4574193588611095
5 6 -1.2407666940771218
5 7 10.774472222210882
5 8 1.1359545695649373
5 9 3.1075558673807624
6 0 -3.32670738074835
6 1 -8.829821856717448
6 2 -3.8720958984424456
6 3 7.322980871345081
6 4 6.3586904934876
6 5 8.17013601380566
6 6 -4.298905473995684
6 7 -1.4204562720476765
6 8 -8.279828025030918
6 9 6.8459126815089455
7 0 5.229312380995081
7 1 7.037438558306121
7 2 -8.439026516872735
7 3 4.669954230585102
7 4 10.019803004633616
7 5 2.663912413432632
7 6 5.046656025430597
7 7 13.564229456369677
7 8 8.386967630865794
7 9 -2.4260877749004175
8 0 2.954499071886561
8 1 5.480600934762961
8 2 6.780624996209983
8 3 -1.2200315480114732
8 4 4.562134895604531
8 5 6.538713814062561
8 6 -4.307872224750702
8 7 8.938153935921314
8 8 14.057398562625433
8 9 -9.77918509995653
9 0 12.293087292974217
9 1 -5.521314554921618
9 2 12.035962850737878
9 3 4.502817234784221
9 4 -6.850867408597652
9 5 3.717766695353406
9 6 -3.005869213640432
9 7 11.087031072383638
9 8 2.895095875381724
9 9 -2.8384889426786595
3.7212405011664367
22.09439300329626
2.458198514595733
8.23329822009671
0.14944594446495707
0.6726366654077637
3.272261172008553
20.082684600006683
16.52822069957047
6.981743705619306